# Created by Octave 3.2.4, Wed Oct 02 11:08:21 2013 CEST <3060501@ari-31-304-10>
# name: mcol
# type: matrix
# rows: 15
# columns: 2
 14.5 8.5
 15.5 8.5
 9 14.5
 9.5 15.5
 11 9.5
 3.5 6
 11.5 11
 8.5 5.5
 3 2
 17 12
 6 13
 10 12.5
 10 4
 11.5 5.5
 13.5 8
